Cext	= 135.0449051
Qext	= 3.791149624
Cabs	= 2.047466083e-16
Qabs	= 5.747903089e-18
