Cext	= -3.597809863
Qext	= -0.1019685237
Cabs	= -1.434240855e-19
Qabs	= -4.064901378e-21
