Cext	= -3.597809863
Qext	= -0.1019685237
Cabs	= -0.00177866302
Qabs	= -5.041056899e-05
